20210916 20210916
20210916 20210923
20210916 20210930
20210916 20211007
20210916 20211014
20210916 20211021
20210916 20211028
20210916 20211111
20210916 20211118
20210916 20211125
20210916 20211202
20210916 20211213
20210916 README.md
20210916 firstcommit.py
20210916 git_key
20210916 git_key.pub
20210916 python-test
20210923 20210916
20210923 20210923
20210923 20210930
20210923 20211007
20210923 20211014
20210923 20211021
20210923 20211028
20210923 20211111
20210923 20211118
20210923 20211125
20210923 20211202
20210923 20211213
20210923 README.md
20210923 firstcommit.py
20210923 git_key
20210923 git_key.pub
20210923 ps_tv.txt
20210923 python-test
20210930 20210916
20210930 20210923
20210930 20210930
20210930 20211007
20210930 20211014
20210930 20211021
20210930 20211028
20210930 20211111
20210930 20211118
20210930 20211125
20210930 20211202
20210930 20211213
20210930 README.md
20210930 firstcommit.py
20210930 git_key
20210930 git_key.pub
20210930 ps_tv.txt
20210930 python-test
20211007 20210916
20211007 20210923
20211007 20210930
20211007 20211007
20211007 20211014
20211007 20211021
20211007 20211028
20211007 20211111
20211007 20211118
20211007 20211125
20211007 20211202
20211007 20211213
20211007 README.md
20211007 firstcommit.py
20211007 git_key
20211007 git_key.pub
20211007 ps_tv.txt
20211007 python-test
20211014 20210916
20211014 20210923
20211014 20210930
20211014 20211007
20211014 20211014
20211014 20211021
20211014 20211028
20211014 20211111
20211014 20211118
20211014 20211125
20211014 20211202
20211014 20211213
20211014 README.md
20211014 firstcommit.py
20211014 git_key
20211014 git_key.pub
20211014 ps_tv.txt
20211014 python-test
20211021 20210916
20211021 20210923
20211021 20210930
20211021 20211007
20211021 20211014
20211021 20211021
20211021 20211028
20211021 20211111
20211021 20211118
20211021 20211125
20211021 20211202
20211021 20211213
20211021 README.md
20211021 firstcommit.py
20211021 git_key
20211021 git_key.pub
20211021 ps_tv.txt
20211021 python-test
20211028 20210916
20211028 20210923
20211028 20210930
20211028 20211007
20211028 20211014
20211028 20211021
20211028 20211028
20211028 20211111
20211028 20211118
20211028 20211125
20211028 20211202
20211028 20211213
20211028 README.md
20211028 firstcommit.py
20211028 git_key
20211028 git_key.pub
20211028 ps_tv.txt
20211028 python-test
20211111 20210916
20211111 20210923
20211111 20210930
20211111 20211007
20211111 20211014
20211111 20211021
20211111 20211028
20211111 20211111
20211111 20211118
20211111 20211125
20211111 20211202
20211111 20211213
20211111 README.md
20211111 firstcommit.py
20211111 git_key
20211111 git_key.pub
20211111 ps_tv.txt
20211111 python-test
20211118 20210916
20211118 20210923
20211118 20210930
20211118 20211007
20211118 20211014
20211118 20211021
20211118 20211028
20211118 20211111
20211118 20211118
20211118 20211125
20211118 20211202
20211118 20211213
20211118 README.md
20211118 firstcommit.py
20211118 git_key
20211118 git_key.pub
20211118 ps_tv.txt
20211118 python-test
20211125 20210916
20211125 20210923
20211125 20210930
20211125 20211007
20211125 20211014
20211125 20211021
20211125 20211028
20211125 20211111
20211125 20211118
20211125 20211125
20211125 20211202
20211125 20211213
20211125 README.md
20211125 firstcommit.py
20211125 git_key
20211125 git_key.pub
20211125 ps_tv.txt
20211125 python-test
20211202 20210916
20211202 20210923
20211202 20210930
20211202 20211007
20211202 20211014
20211202 20211021
20210916 20210916
20210916 20210923
20210916 20210930
20210916 20211007
20210916 20211014
20210916 20211021
20210916 20211028
20210916 20211111
20210916 20211118
20210916 20211125
20210916 20211202
20210916 20211213
20210916 README.md
20210916 checkerNN.py
20210916 firstcommit.py
20210916 git_key
20210916 git_key.pub
20210916 ps_tv.txt
20210916 python-test
20210923 20210916
20210923 20210923
20210923 20210930
20210923 20211007
20210923 20211014
20210923 20211021
20210923 20211028
20210923 20211111
20210923 20211118
20210923 20211125
20210923 20211202
20210923 20211213
20210923 README.md
20210923 checkerNN.py
20210923 firstcommit.py
20210923 git_key
20210923 git_key.pub
20210923 ps_tv.txt
20210923 python-test
20210930 20210916
20210930 20210923
20210930 20210930
20210930 20211007
20210930 20211014
20210930 20211021
20210930 20211028
20210930 20211111
20210930 20211118
20210930 20211125
20210930 20211202
20210930 20211213
20210930 README.md
20210930 checkerNN.py
20210930 firstcommit.py
20210930 git_key
20210930 git_key.pub
20210930 ps_tv.txt
20210930 python-test
20211007 20210916
20211007 20210923
20211007 20210930
20211007 20211007
20211007 20211014
20211007 20211021
20211007 20211028
20211007 20211111
20211007 20211118
20211007 20211125
20211007 20211202
20211007 20211213
20211007 README.md
20211007 checkerNN.py
20211007 firstcommit.py
20211007 git_key
20211007 git_key.pub
20211007 ps_tv.txt
20211007 python-test
20211014 20210916
20211014 20210923
